
*Vertices 224
0
0
0.000068497842
0
0.000068497842
0.000068497842
0
0
0
0
0
0
0
0.000068497842
0
0.0037673813
0.018631413
0
0.00027399137
0.0022604288
0.0026029180
0
0
0
0
0.00020549353
0.0063702993
0.025207206
0.20967190
0.020138366
0.23618056
0.46064799
0.085005822
0
0
0
0
0
0
0.00068497842
0
0.000068497842
0
0
0
0.013836564
0
0
0.000068497842
0
0
0
0
0
0.00061648058
0
0.0014384547
0
0.00020549353
0.0026714159
0
0.00047948490
0.012192616
0
0.00013699568
0.000068497842
0
0.000068497842
0.000068497842
0
0.00020549353
0.00047948490
0
0.0013014590
0
0.0037673813
0
0
0
0
0
0
0
0.0015754504
0
0
0
0.00013699568
0
0
0
0
0
0
0
0
0
0
0
0
0
0
0
0.00013699568
0
0
0
0.00061648058
0
0
0
0
0.000068497842
0
0.000068497842
0.00054798274
0.0010274676
0.000068497842
0.0012329612
0.00013699568
0.027056648
0
0.000068497842
0
0
0
0.00041098705
0
0
0
0
0
0.000068497842
0.00027399137
0.0017124461
0
0.000068497842
0.000068497842
0
0
0.0041098705
0
0.0063018015
0
0.000068497842
0.000068497842
0
0.00047948490
0
0
0.00027399137
0
0
0.00041098705
0
0
0
0
0
0
0
0
0.0054113295
0.0065757929
0.0054113295
0.0082882389
0
0.000068497842
0.00061648058
0
0.000068497842
0
0
0.00054798274
0
0.10781560
0
0
0
0
0
0
0
0
0.000068497842
0
0
0
0
0
0
0.000068497842
0
0
0
0
0
0
0
0
0
0
0
0
0
0.0028769094
0
0
0
0
0
0.00047948490
0.000068497842
0
0
0
0
0
0
0
0.000068497842
0.00020549353
0
0
