
*Vertices 224
0.00030767811
0
0.000030767811
0.00027691030
0.00033844592
0.00066150793
0.000076919527
0.00035382982
0.000061535621
0.000092303432
0.000046151716
0
0.0015999262
0.00033844592
0.00010768734
0.0088765134
0.038721290
0.00019999077
0.0017999169
0.011261019
0.0039998154
0.000046151716
0
0.00036921373
0.00013845515
0.0072304355
0.015953110
0.0084149962
0.086672923
0.00090765042
0.10630279
0.023368152
0.28581758
0.00096918604
0
0.0010461056
0.000030767811
0.00063074012
0.0011384090
0.0027229512
0.00072304355
0.0017999169
0.00013845515
0
0.000076919527
0.018752981
0
0
0.00027691030
0.00026152639
0.00053843669
0.00098456994
0.000061535621
0.000046151716
0.00015383905
0
0.011014876
0.000015383905
0.00081534698
0.0037690568
0.00058458840
0.00086149870
0.017029983
0.00052305278
0.010707198
0.0030921650
0.000076919527
0.00032306201
0.00058458840
0
0.0011999446
0.00069227574
0.000015383905
0.00049228497
0.00033844592
0.0084765319
0.00013845515
0
0
0
0.00063074012
0
0.00015383905
0.0013076320
0.00021537468
0.00010768734
0.0027537191
0.0042151901
0.000015383905
0.00035382982
0.00047690107
0.0029690937
0.00012307124
0.000076919527
0.00050766888
0.00023075858
0.00084611479
0
0
0
0.00049228497
0.000015383905
0.00073842746
0.0032460040
0
0.0013845515
0.000092303432
0.018891436
0
0
0
0.00016922296
0.000015383905
0.00010768734
0.00053843669
0.00092303432
0.0080303986
0.00058458840
0.021937449
0.00059997231
0.12976324
0.00023075858
0.000061535621
0.0010153378
0.00023075858
0.00069227574
0.0069381413
0.0024152731
0
0.00019999077
0.000061535621
0.00095380213
0.00010768734
0.0010768734
0.011030260
0.0039690476
0.0056151255
0.0022460502
0.0025691122
0.0019076043
0.010645663
0.00027691030
0.043890282
0.00018460686
0.0021537468
0.017691491
0.00015383905
0.00046151716
0.00010768734
0.00039998154
0.0011384090
0.00046151716
0.00018460686
0.031660077
0
0.000061535621
0.000015383905
0.00013845515
0.00032306201
0.00056920450
0.00023075858
0.00029229420
0.0017537652
0.10527206
0.22468194
0.13340923
0.0049536175
0.0064458563
0.044874852
0.014891620
0.0033229236
0.00038459763
0
0.0023845053
0
0.014014738
0.00010768734
0.00053843669
0.00027691030
0.000015383905
0.000030767811
0.00016922296
0.000030767811
0
0.000061535621
0.000015383905
0.000046151716
0
0
0
0.0016922296
0.0014307032
0.000061535621
0.000076919527
0.00012307124
0.00023075858
0.00012307124
0.000046151716
0
0
0.000015383905
0.000030767811
0
0
0.00061535621
0.026429549
0.000076919527
0.00086149870
0.000015383905
0.00041536544
0.00083073089
0.0011537929
0.00063074012
0.00021537468
0.000061535621
0.00012307124
0.00024614249
0.000030767811
0.00024614249
0.00047690107
0.0013691676
0.00096918604
0
0.00041536544
